* 59 140 40 213 150 122 90 143 86 42 67 48 163 43 75 168 240 45 26 59 75 103 140 66 175 300 30 75 113 48 35 268 106 123 183 28 112 148 143 81 357 61 133 90 122
59 * 90 97 155 101 64 33 90 34 27 84 106 106 44 56 110 182 24 85 21 17 55 83 112 118 240 182 32 68 95 61 210 83 66 125 76 59 104 115 42 299 73 79 52 72
140 90 * 172 117 13 68 61 25 56 116 173 185 58 133 138 80 142 92 164 79 83 109 91 199 59 178 149 110 24 181 150 165 54 40 75 161 30 20 55 57 236 162 104 126 11
39 97 172 * 252 183 159 129 181 123 79 81 15 201 75 105 207 280 81 15 95 114 140 177 53 212 337 28 111 147 40 58 308 136 159 221 36 149 181 170 116 396 81 170 121 158
213 155 117 252 * 113 91 124 93 135 174 212 259 59 185 168 45 28 175 239 162 138 123 77 256 57 95 236 147 130 242 207 56 170 99 43 226 118 129 170 152 149 203 91 147 106
150 101 13 183 113 * 75 72 28 69 128 185 197 56 145 148 80 137 105 177 93 94 118 96 211 55 168 161 121 38 194 163 158 63 48 71 174 42 16 56 69 227 174 111 136 118
122 64 68 159 91 75 * 35 50 50 84 130 169 47 97 86 46 119 84 149 72 46 46 28 169 62 179 145 61 63 154 119 147 101 29 64 137 42 87 118 68 236 120 37 69 43
90 33 61 129 124 72 35 * 57 16 58 113 140 72 75 76 79 152 50 118 36 23 54 61 145 85 207 111 49 43 128 95 180 73 32 92 110 30 77 98 35 266 103 64 66 62
143 90 25 181 93 28 50 57 * 59 116 170 193 33 132 130 55 119 100 172 86 72 95 69 201 37 159 159 103 39 185 152 142 77 27 51 166 32 42 80 67 219 159 85 115 93
86 34 56 123 135 69 50 16 59 * 59 117 134 81 78 84 91 164 40 112 27 31 67 76 143 91 216 102 59 34 126 95 191 58 32 92 109 27 71 86 19 273 107 80 77 78
42 27 116 79 174 128 84 58 116 59 * 57 86 129 18 38 131 202 35 66 43 40 59 98 85 142 264 72 32 94 69 36 230 105 91 149 52 88 131 138 66 321 47 91 48 80
67 84 173 81 212 185 130 113 170 117 57 * 77 178 40 45 173 238 90 69 100 91 90 135 49 191 307 93 70 152 44 31 267 161 143 194 47 142 188 194 124 361 11 122 66 107
48 106 185 15 259 197 169 140 193 134 86 77 * 211 79 106 215 287 92 21 106 123 144 184 40 224 348 44 116 161 135 58 315 151 171 231 36 161 194 185 127 405 79 176 126 163
163 106 58 201 59 56 47 72 33 81 129 178 211 * 144 134 24 86 121 190 107 91 92 54 215 14 136 183 108 70 199 164 111 110 42 20 181 59 72 112 94 194 167 72 116 84
43 44 133 75 185 145 97 75 132 78 18 40 79 144 * 31 143 212 52 61 59 54 66 108 71 156 277 74 39 112 56 22 240 122 107 161 43 104 148 155 83 333 30 98 48 85
75 56 138 105 168 148 86 76 130 84 38 45 106 134 31 * 128 194 73 90 76 54 45 90 90 148 261 105 29 118 80 47 221 137 104 150 69 107 155 170 98 316 35 78 22 62
168 110 80 207 45 80 46 79 55 90 131 173 215 24 143 128 * 73 129 195 117 94 84 40 214 33 133 191 106 90 200 164 101 129 54 23 183 74 96 134 107 190 164 56 110 71
240 182 142 280 28 137 119 152 119 164 202 238 287 86 212 194 73 * 201 267 190 165 150 104 281 83 74 264 174 156 268 234 28 196 128 68 253 144 152 193 180 123 228 116 173 131
45 24 92 81 175 105 84 50 100 40 35 90 92 121 52 73 129 201 * 72 15 40 80 105 107 133 257 62 57 69 90 63 229 73 79 140 69 67 104 105 38 315 82 105 75 96
26 85 164 15 239 177 149 118 172 112 66 69 21 190 61 90 195 267 72 * 86 101 125 164 47 202 327 31 96 140 33 43 294 132 150 210 22 140 173 165 108 383 67 156 109 145
59 21 79 95 162 93 72 36 86 27 43 100 106 107 59 76 117 190 15 86 * 33 75 96 119 118 243 75 54 56 118 73 216 64 65 127 81 53 92 96 25 302 90 95 75 90
75 17 83 114 138 94 46 23 72 31 39 91 123 91 54 54 94 165 40 101 33 * 40 65 122 104 225 101 28 63 107 74 194 88 53 110 92 52 100 116 45 283 80 62 47 56
103 55 109 140 123 118 46 54 95 67 59 90 144 92 66 45 84 150 80 125 75 40 * 42 139 101 212 132 29 90 124 90 171 120 63 101 112 74 120 143 78 267 84 30 30 20
140 83 91 177 77 96 28 61 69 76 98 135 184 54 108 90 40 104 105 164 96 65 42 * 179 68 170 167 70 87 166 131 133 127 54 63 149 71 109 143 95 225 127 17 69 32
66 112 199 53 256 211 169 145 201 143 85 49 40 215 71 90 214 281 107 47 120 122 139 179 * 230 310 80 108 174 17 50 310 174 176 231 38 171 211 210 143 403 56 166 112 153
175 118 59 212 57 55 62 85 37 91 142 191 224 14 156 148 33 83 133 202 118 104 101 68 230 * 124 193 123 76 212 177 105 114 51 17 193 66 70 111 103 184 181 84 130 98
300 240 178 337 95 168 179 207 159 216 264 307 348 136 277 261 133 74 257 327 243 225 212 170 310 124 * 319 238 199 333 297 55 232 177 117 315 192 181 218 227 59 297 186 240 202
31 82 149 28 236 161 145 111 159 102 72 93 44 183 74 105 191 264 62 31 75 101 132 167 79 193 319 * 104 124 62 63 291 108 140 202 49 127 156 140 91 377 91 159 119 151
75 32 110 111 147 121 61 49 103 59 32 70 116 108 39 29 106 174 57 96 54 28 29 70 108 123 238 104 * 93 95 61 203 113 77 125 81 179 127 145 73 295 58 59 20 47
113 68 24 147 130 38 63 43 39 34 94 152 161 70 112 118 90 156 69 140 56 63 90 87 174 76 199 124 93 * 158 127 182 40 33 90 136 17 36 57 31 257 140 98 108 102
48 95 181 40 242 194 154 128 185 126 69 44 35 199 56 80 200 268 90 33 118 107 124 166 17 212 333 62 95 158 * 34 297 156 159 217 22 154 194 190 125 390 49 154 100 140
35 61 150 58 207 163 119 95 152 95 36 31 58 164 22 47 164 234 63 43 73 74 90 131 50 177 297 63 61 127 34 * 262 133 127 183 23 123 165 167 97 355 26 120 67 106
268 210 165 308 56 158 147 180 142 191 230 267 315 111 240 221 101 28 229 294 216 194 171 133 310 105 55 291 203 182 297 262 * 218 153 91 282 170 174 213 206 96 257 144 199 161
106 83 54 136 170 63 101 73 77 58 105 161 151 110 122 137 129 196 73 132 64 88 120 127 174 114 232 108 113 40 156 133 218 * 77 128 137 55 52 34 42 291 153 135 133 136
123 66 40 159 99 48 29 32 27 32 91 143 171 42 107 104 54 128 79 150 65 53 63 54 176 51 177 140 77 33 159 127 153 77 * 62 140 20 47 90 52 236 133 67 90 71
183 125 75 221 43 71 64 92 51 92 149 194 231 20 161 150 23 68 140 210 127 110 101 63 231 17 117 202 125 90 217 183 91 128 62 * 198 79 87 127 113 174 183 80 131 96
28 76 161 36 226 174 137 110 166 109 52 47 36 181 43 69 183 253 69 22 81 92 112 149 38 193 315 49 81 136 22 23 282 137 140 198 * 135 172 172 106 372 45 140 90 128
112 59 30 149 118 42 42 30 32 27 88 142 161 59 104 107 74 144 67 140 53 52 74 71 171 66 192 127 79 17 154 123 170 55 20 79 135 * 49 72 36 250 133 82 95 84
148 104 20 181 129 16 87 77 42 71 131 188 194 72 148 155 96 152 104 173 92 100 120 109 211 70 181 156 127 36 194 165 174 52 47 87 172 49 * 40 66 239 177 123 143 129
143 115 55 170 170 56 118 98 80 86 138 194 185 112 155 170 134 193 105 165 96 116 143 143 210 111 218 140 145 57 190 167 213 34 90 127 172 72 40 * 72 275 186 153 163 157
81 42 57 116 152 69 68 35 67 19 66 124 127 94 83 98 107 180 38 108 25 45 78 95 143 103 227 91 73 31 125 97 206 42 52 113 106 36 66 72 * 286 115 100 93 98
357 299 236 396 149 227 236 266 219 273 321 361 405 194 333 316 190 123 315 383 302 283 267 225 403 184 59 377 295 257 390 355 96 291 236 174 372 250 239 275 286 * 351 239 295 255
61 73 162 81 203 174 120 103 159 107 47 11 79 167 30 35 164 228 82 67 90 80 84 127 56 181 297 91 58 140 49 26 257 153 133 183 45 133 177 186 115 351 * 114 58 98
133 79 104 170 91 111 37 64 85 80 91 122 176 72 98 78 56 116 105 156 95 62 30 17 166 84 186 159 59 98 154 120 144 135 67 80 140 82 123 153 100 239 114 * 56 15
90 52 126 121 147 136 69 66 115 77 48 66 126 116 48 22 110 173 75 109 75 47 30 69 112 130 240 119 20 108 100 67 199 133 90 131 90 95 143 163 93 295 58 56 * 40
122 72 111 158 106 118 43 62 93 78 80 107 163 84 85 62 71 131 96 145 90 56 20 32 153 98 202 151 47 102 140 106 161 136 71 96 128 84 129 157 98 255 98 15 40 *
