* 70 88 95 54 92 78 7 62 8 21 87 16 0 96 30 53 30 50 26 30 46 59 67 78 71 48 25 58 62 63 11 94 14 40 35 34 65 6 53 91 62 77 36 8 93 49 87 3 1
10 * 37 37 4 24 20 7 49 51 35 31 83 70 71 30 35 72 38 34 0 44 16 69 10 14 59 94 70 11 66 66 75 55 95 72 64 86 87 31 18 37 45 13 99 12 58 45 82 86
88 81 * 10 100 71 91 1 100 22 79 24 59 73 81 59 59 88 33 81 37 61 62 53 1 1 70 60 74 19 23 3 91 27 47 59 43 16 37 11 1 99 94 34 91 10 33 91 51 71
71 37 95 * 57 35 17 0 13 38 44 52 26 1 96 59 67 86 21 3 44 17 44 78 56 92 24 91 35 81 96 48 75 38 96 78 80 92 1 41 9 15 36 8 86 69 26 53 25 53
37 10 9 97 * 88 87 93 73 15 56 48 48 75 11 95 42 36 89 14 25 2 13 82 52 99 13 61 90 96 62 66 88 60 77 53 12 57 36 67 99 36 33 56 74 57 4 30 24 3
13 42 29 54 82 * 38 29 27 93 42 35 100 0 82 19 49 63 52 97 92 68 74 86 80 37 11 57 41 55 49 35 97 48 43 59 47 47 100 70 38 45 63 12 97 30 31 40 11 67
12 86 50 40 75 41 * 37 79 12 26 5 12 18 44 91 42 51 17 72 69 23 18 51 99 70 54 79 95 29 89 74 17 52 9 18 60 61 94 66 58 69 100 98 84 29 60 13 88 56
90 43 65 6 2 0 16 * 66 94 26 72 97 34 81 53 57 64 33 26 88 69 19 0 63 4 96 57 20 87 0 38 51 5 27 29 71 44 10 58 28 24 25 64 94 10 42 38 81 37
35 67 72 14 47 13 43 30 * 47 88 8 97 59 3 56 28 95 55 18 66 6 94 13 54 36 34 81 79 42 30 11 51 75 26 73 73 79 62 37 84 32 88 78 81 33 31 45 33 96
49 0 96 14 39 77 3 28 44 * 99 2 31 8 58 93 88 5 61 43 68 33 90 80 68 55 69 9 76 6 36 99 20 28 2 1 100 91 100 80 21 80 44 6 77 93 0 3 27 53
58 39 51 89 75 96 9 77 50 42 * 2 72 29 66 4 42 39 28 85 100 49 6 100 3 10 97 77 59 5 84 43 1 52 16 15 52 91 89 68 72 10 18 84 55 75 17 62 25 6
29 65 59 49 26 69 35 90 6 27 91 * 38 23 62 94 9 48 76 29 7 67 45 71 90 42 100 27 2 71 33 61 43 26 24 14 78 19 25 25 72 31 88 11 82 4 45 76 28 89
29 78 18 59 51 58 57 71 30 3 85 19 * 79 77 6 50 31 83 84 31 21 17 84 2 82 100 94 6 8 89 51 3 87 46 91 12 52 56 57 36 72 64 90 32 38 98 21 65 16
66 48 72 77 1 43 83 35 63 13 19 79 95 * 6 96 75 94 69 3 96 4 85 37 30 48 43 34 86 43 3 49 87 97 86 85 16 56 72 9 98 61 85 18 91 33 20 83 34 38
61 53 89 66 21 71 33 97 18 92 58 55 13 1 * 13 34 15 39 33 54 50 31 73 23 10 87 32 12 19 49 77 98 34 58 7 62 51 84 82 18 96 53 17 100 1 83 38 42 4
100 24 0 53 54 65 98 16 59 25 88 7 29 99 92 * 66 91 28 86 45 53 31 13 11 15 80 2 67 78 63 90 95 96 80 68 15 96 16 21 35 4 26 80 86 22 3 10 0 35
5 57 50 26 74 41 25 38 27 78 14 31 35 71 35 11 * 30 84 46 28 98 14 43 44 14 54 84 61 81 26 89 86 34 20 96 39 50 29 1 43 71 11 85 20 41 24 46 29 34
2 14 88 54 11 37 12 93 79 9 39 92 74 60 96 69 99 * 92 39 63 45 31 51 18 40 18 26 43 48 70 72 26 41 90 18 32 96 85 56 15 0 30 48 40 8 17 55 41 19
36 74 40 24 3 71 40 41 50 36 51 82 78 24 5 39 73 6 * 57 57 73 82 88 24 30 62 38 27 10 18 62 20 69 80 86 9 18 87 11 19 89 90 43 85 25 59 96 1 19
51 89 73 39 50 81 69 27 73 36 17 6 23 96 65 41 5 68 68 * 31 50 40 2 68 20 28 63 40 83 10 47 67 65 8 94 32 65 38 61 100 24 85 67 90 89 63 29 78 17
9 10 11 0 14 44 30 59 60 50 89 69 11 2 16 1 0 29 92 44 * 66 61 57 61 27 53 24 73 66 78 86 89 40 2 31 57 50 68 93 64 46 17 83 8 70 87 53 8 51
42 69 77 1 50 33 70 65 40 80 84 25 47 0 32 28 87 35 75 71 55 * 18 52 75 96 5 87 86 100 11 89 26 48 3 43 72 47 11 68 67 59 21 59 64 26 96 21 47 84
98 57 60 57 30 92 87 41 62 8 43 52 61 53 59 72 29 30 40 11 81 80 * 48 89 60 46 84 91 52 14 62 91 89 19 63 95 14 30 29 78 61 87 64 57 24 48 56 77 16
73 55 55 89 84 3 52 20 67 77 99 86 70 90 88 63 51 46 59 79 100 8 96 * 68 57 95 1 75 21 29 98 87 55 48 70 29 5 81 91 46 66 55 95 80 82 97 68 18 8
40 89 18 57 81 2 12 58 93 66 15 31 68 95 64 100 48 84 83 0 18 37 72 90 * 77 91 28 5 0 15 37 53 90 25 69 81 91 77 90 79 59 53 60 85 52 83 90 56 17
92 95 90 53 87 98 11 96 4 82 75 21 38 19 32 48 64 26 95 13 41 61 91 39 91 * 32 71 89 22 64 42 66 81 56 78 24 49 1 94 20 35 79 36 0 0 1 33 49 6
22 16 17 65 22 73 99 42 56 28 100 41 26 22 61 23 85 12 46 40 52 51 8 8 3 81 * 85 42 25 34 87 34 14 83 11 80 26 84 93 20 41 7 82 75 8 52 2 82 15
22 12 98 44 14 55 74 41 95 53 22 61 98 22 91 17 28 49 75 86 97 65 20 75 96 76 20 * 32 18 89 61 14 31 85 16 13 3 37 33 46 70 92 28 80 50 93 9 93 28
93 67 26 9 62 75 97 25 18 69 13 39 13 21 59 12 85 84 60 19 77 82 89 87 25 43 100 64 * 89 45 11 16 88 58 59 81 70 14 77 96 98 39 90 7 22 92 88 82 27
50 4 96 45 64 89 94 36 8 49 5 6 92 15 22 53 77 33 13 21 72 46 81 88 70 22 85 29 17 * 60 86 40 20 96 84 41 15 49 39 44 85 9 86 47 74 4 48 58 11
76 53 7 42 15 94 25 79 79 78 91 85 53 65 28 35 13 60 23 96 36 17 68 73 67 35 43 41 5 100 * 1 9 96 38 44 82 97 98 93 28 12 61 45 6 93 35 69 47 84
21 92 40 18 8 30 31 83 66 62 69 55 0 59 84 81 16 7 39 21 19 78 81 56 50 7 98 84 26 35 91 * 89 25 14 54 11 94 24 9 90 9 46 42 15 45 50 88 62 13
68 84 76 29 98 12 47 8 61 91 11 7 47 72 75 83 85 79 9 99 97 63 17 92 46 57 63 24 86 100 12 30 * 42 16 60 95 32 46 18 90 20 64 54 22 14 35 96 24 13
70 11 52 57 7 44 52 0 89 55 3 16 6 9 35 88 69 31 18 82 6 71 0 85 1 57 89 90 1 93 0 45 66 * 40 41 94 57 32 2 58 56 38 91 90 58 28 50 14 74
71 60 82 64 39 62 60 47 91 40 58 62 22 59 74 7 10 71 73 37 95 3 51 76 71 26 21 4 61 25 97 28 21 11 * 69 54 27 97 59 36 60 60 17 73 29 90 14 91 6
93 59 52 69 31 12 16 9 9 74 23 52 73 54 12 9 81 70 42 35 5 90 44 62 15 35 50 16 72 28 22 59 72 95 43 * 23 41 17 55 73 27 62 17 98 70 67 71 44 7
1 79 78 13 85 17 61 31 10 10 67 40 6 64 68 16 36 61 21 84 69 45 31 1 13 71 45 82 76 100 89 72 92 77 0 30 * 62 19 3 78 62 8 44 67 2 23 73 5 97
13 64 61 2 16 62 45 20 3 100 91 79 66 74 4 24 43 67 20 81 55 2 71 43 65 2 90 39 8 31 12 15 60 93 39 36 55 * 70 94 71 27 15 43 20 86 10 73 90 42
63 15 94 83 97 60 88 34 1 56 72 46 27 36 87 20 47 8 50 29 67 100 23 81 49 38 15 62 75 82 100 65 83 87 86 68 72 61 * 25 71 36 89 83 24 81 68 80 83 90
79 53 40 32 43 35 92 46 20 11 72 32 38 94 95 13 28 52 27 66 66 34 6 45 58 95 89 99 31 19 95 96 21 96 57 99 57 47 95 * 49 62 76 6 34 31 66 62 18 81
33 40 3 73 54 9 27 14 43 9 23 39 19 45 21 16 6 74 43 32 56 67 89 34 90 37 89 24 47 95 69 60 3 78 37 1 94 87 39 54 * 28 38 100 100 41 56 69 15 57
70 49 25 1 30 20 89 96 45 36 94 83 92 30 33 65 4 7 80 3 52 22 85 49 52 89 67 67 21 50 6 27 72 42 99 90 66 75 46 18 94 * 35 60 49 71 97 14 86 98
24 30 53 53 79 67 84 15 32 62 3 42 82 91 43 52 36 6 91 89 57 62 84 37 79 38 89 94 83 86 56 43 44 45 99 82 27 85 24 65 17 36 * 84 32 87 36 88 19 93
10 90 73 56 24 85 26 16 48 0 27 85 72 18 20 36 89 86 56 98 45 68 34 95 81 34 81 28 19 79 9 82 66 61 63 78 74 93 9 35 45 74 74 * 4 94 27 11 26 0
42 33 10 27 41 35 25 67 67 99 50 75 84 68 89 12 14 68 54 65 12 96 9 30 75 36 75 8 17 82 26 97 42 93 21 95 99 93 6 99 51 4 32 1 * 32 45 58 45 40
73 24 78 44 46 100 2 83 25 19 34 47 31 26 18 11 71 90 92 75 100 78 22 100 100 52 41 88 35 90 1 85 22 27 75 55 84 31 95 97 12 36 96 82 25 * 52 31 37 47
93 95 41 20 20 14 62 5 45 18 67 79 55 93 3 68 22 66 57 88 21 83 68 38 89 43 74 37 50 8 10 26 93 12 18 88 47 56 56 26 59 63 99 23 33 19 * 76 32 66
72 76 87 51 2 73 70 57 77 37 10 1 65 29 77 31 14 62 4 89 17 58 89 95 81 77 98 31 87 30 81 98 13 21 77 64 76 30 46 55 64 44 84 16 67 58 38 * 27 4
100 91 18 82 32 24 10 62 4 21 27 18 76 35 52 75 86 36 11 40 6 4 33 56 97 52 27 49 50 22 17 100 68 41 5 95 64 1 10 78 33 99 8 51 22 84 63 29 * 99
4 36 60 5 28 16 23 9 58 79 24 78 42 70 33 95 82 53 76 30 64 32 38 12 47 17 47 20 68 7 4 3 7 26 76 55 48 58 54 4 75 17 59 74 15 38 63 22 56 *