* 99 77 86 14 38 61 70 2 41 61 69 14 16 67 17 90 69 59 12
30 * 11 56 84 28 12 13 8 42 30 59 41 76 11 44 80 6 40 76
35 16 * 18 86 17 43 31 0 78 9 19 7 12 24 69 65 16 35 4
77 6 94 * 11 15 38 16 61 19 81 96 62 37 39 22 80 65 65 5
9 96 29 98 * 82 80 45 49 3 77 91 97 89 10 67 16 42 70 75
15 77 79 61 64 * 30 53 68 64 14 19 96 38 71 60 13 27 80 100
82 64 15 45 41 28 * 71 99 69 12 75 100 96 49 95 30 34 39 19
9 91 38 32 79 7 11 * 52 47 18 0 81 43 62 74 87 16 89 43
28 64 5 100 69 97 74 34 * 42 51 28 100 49 0 73 89 59 71 43
5 72 69 7 50 23 42 89 29 * 30 72 93 43 18 37 61 20 21 47
15 29 99 28 99 91 90 40 5 86 * 25 8 96 74 79 46 83 79 20
71 79 42 55 92 99 95 84 28 43 13 * 32 68 51 51 73 37 49 11
24 72 75 52 41 7 39 64 28 3 30 65 * 14 46 50 31 52 92 32
97 76 46 35 7 86 65 49 100 76 67 91 8 * 53 16 78 77 37 18
10 29 16 65 8 52 3 43 59 60 22 69 8 87 * 42 81 14 68 37
23 48 56 62 63 86 3 69 45 55 27 32 48 84 61 * 75 0 99 3
36 51 15 25 43 31 70 53 35 58 75 100 71 48 18 92 * 39 62 96
17 89 62 96 44 7 5 65 97 90 93 8 90 99 25 74 49 * 92 68
22 3 32 86 14 29 41 49 66 16 98 86 67 58 12 6 91 10 * 86
24 9 33 37 85 100 80 61 41 80 68 24 49 37 38 98 93 5 25 *