* 79 71 15 26 48 43 52 92 74 79 11 94 50 13 36 20 65 36 9 12 42 62 71 86 37 10 64 35 48
39 * 63 44 6 48 57 27 23 7 49 26 60 50 67 97 58 43 18 64 49 13 31 99 69 1 28 97 65 7
18 95 * 14 100 93 78 7 30 51 20 89 78 1 16 18 48 65 62 52 34 35 33 33 12 28 76 63 41 42
39 46 81 * 87 73 97 47 67 98 20 0 0 94 100 59 17 52 87 25 56 9 84 78 74 15 39 35 23 65
83 78 81 42 * 71 62 2 30 93 63 64 29 51 55 82 41 48 70 97 46 67 23 27 95 21 21 40 47 73
59 95 65 13 79 * 53 50 33 87 86 16 90 47 40 89 14 79 80 38 86 10 85 98 56 25 64 31 59 19
90 52 66 50 22 61 * 23 67 54 20 23 30 75 72 0 64 55 17 95 97 93 67 98 69 13 60 59 5 84
100 46 68 6 31 29 73 * 98 2 79 19 95 53 56 70 91 37 64 36 88 33 98 16 65 36 41 22 25 17
28 82 66 87 99 8 35 66 * 92 77 80 64 0 55 36 79 66 16 40 82 3 62 2 6 99 44 44 45 64
86 58 55 88 51 41 24 74 51 * 72 46 67 88 42 87 49 44 95 91 91 57 83 28 24 96 57 49 95 78
97 97 7 62 77 94 52 43 29 60 * 1 39 57 24 57 21 24 82 65 64 97 33 100 35 30 45 58 31 12
17 24 31 42 44 94 24 62 49 46 70 * 87 40 3 0 84 3 89 42 56 97 12 13 55 25 39 49 99 26
20 52 81 65 25 99 19 16 88 53 99 73 * 8 50 44 71 14 24 54 83 18 92 83 79 39 44 18 11 23
48 69 62 39 35 39 23 52 68 51 53 63 4 * 54 53 44 76 50 25 8 66 30 9 15 41 59 16 72 19
85 25 71 9 89 30 22 67 61 62 57 48 71 89 * 55 61 16 34 10 58 10 18 35 9 3 55 70 99 50
11 95 80 66 43 93 49 33 36 33 45 29 43 82 67 * 59 24 72 67 0 17 96 98 85 65 49 39 67 100
90 50 29 98 49 32 6 45 16 75 40 73 60 56 96 28 * 62 61 52 32 60 45 7 15 24 7 58 77 8
33 94 17 73 84 89 33 52 47 11 27 83 27 68 92 62 21 * 1 85 3 64 38 48 2 66 25 49 27 70
2 5 82 77 28 12 51 100 20 62 91 79 55 78 35 100 31 94 * 49 89 60 76 90 58 61 84 6 71 31
70 8 12 1 3 31 7 10 50 41 30 78 4 13 24 31 16 43 32 * 64 95 6 59 10 29 75 94 7 100
56 98 80 1 35 87 35 39 19 46 64 40 83 53 45 50 58 99 55 99 * 12 18 82 45 48 48 26 34 29
16 67 1 17 50 1 47 11 57 13 56 1 48 79 17 29 14 35 79 32 14 * 85 35 6 8 87 72 11 88
1 42 15 21 90 13 88 50 9 29 59 5 79 97 84 88 55 82 23 47 74 24 * 95 70 90 51 47 86 59
17 15 26 38 29 77 23 37 34 97 68 86 77 81 75 91 52 36 63 16 92 10 0 * 30 67 38 75 0 15
70 78 31 81 74 97 22 46 62 84 89 90 76 44 86 52 41 37 98 73 93 93 35 22 * 23 67 94 54 22
100 69 65 60 23 31 99 54 76 97 13 30 42 84 26 27 2 31 41 12 29 28 97 41 4 * 79 3 11 66
70 26 32 11 91 72 6 100 91 82 17 97 53 7 62 76 84 17 58 96 16 48 37 10 40 37 * 54 31 84
93 33 6 98 98 73 82 57 39 26 99 78 37 88 96 20 31 73 76 87 59 93 41 61 20 67 71 * 11 2
82 0 46 52 73 21 52 42 23 33 5 41 56 90 61 13 75 43 45 77 6 25 6 81 90 29 3 16 * 54
69 60 85 84 45 71 99 6 21 99 72 79 3 32 87 55 46 74 59 50 34 69 19 91 45 86 78 48 100 *