* 37 46 89 81 56 21 68 45 61 27 55 80 92 77
67 * 81 50 44 15 74 94 32 99 49 24 18 38 90
82 93 * 50 87 23 60 39 87 95 39 17 97 55 96
83 34 51 * 49 52 38 88 83 45 33 78 44 30 40
36 95 70 66 * 98 65 82 76 83 80 26 78 95 89
51 72 21 96 78 * 74 78 78 57 55 58 67 22 12
58 52 93 27 20 53 * 81 57 28 35 32 82 48 95
97 87 80 63 11 89 47 * 38 89 36 37 97 49 98
46 98 78 12 60 99 55 67 * 35 93 21 75 13 66
98 18 76 77 11 80 71 66 58 * 50 42 57 15 55
24 45 33 61 29 36 63 48 85 74 * 78 98 14 90
10 20 51 49 55 90 35 71 33 25 34 * 64 40 37
69 43 20 40 19 11 91 28 82 10 54 95 * 84 72
18 33 59 75 48 74 66 63 63 72 51 59 19 * 78
12 73 41 88 62 11 42 26 48 88 12 64 84 73 *